name: vulture-env
channels:
  - conda-forge
  - defaults
dependencies:
  - bzip2=1.0.8=h8ffe710_4
  - ca-certificates=2022.6.15=h5b45459_0
  - dlib=19.24.0=py310he5227f5_0
  - intel-openmp=2022.1.0=h57928b3_3787
  - jpeg=9e=h8ffe710_2
  - libblas=3.9.0=16_win64_mkl
  - libcblas=3.9.0=16_win64_mkl
  - libffi=3.4.2=h8ffe710_5
  - liblapack=3.9.0=16_win64_mkl
  - libpng=1.6.37=h1d00b33_4
  - libsqlite=3.39.3=hcfcfb64_0
  - libzlib=1.2.12=h8ffe710_2
  - mkl=2022.1.0=h6a75c08_874
  - numpy=1.23.2=py310h8a5b91a_0
  - openssl=3.0.5=h8ffe710_1
  - pip=22.2.2=pyhd8ed1ab_0
  - python=3.10.6=hcf16a7b_0_cpython
  - python_abi=3.10=2_cp310
  - setuptools=65.3.0=pyhd8ed1ab_1
  - tbb=2021.5.0=h2d74725_1
  - tk=8.6.12=h8ffe710_0
  - tzdata=2022c=h191b570_0
  - ucrt=10.0.20348.0=h57928b3_0
  - vc=14.2=hb210afc_7
  - vs2015_runtime=14.29.30139=h890b9b1_7
  - wheel=0.37.1=pyhd8ed1ab_0
  - xz=5.2.6=h8d14728_0
  - pip:
    - click==8.1.3
    - cycler==0.11.0
    - face-recognition==1.3.0
    - fonttools==4.37.1
    - kiwisolver==1.4.4
    - matplotlib==3.5.3
    - opencv-python==4.6.0.66
prefix: C:\Users\ujjwa\miniconda3\envs\vulture-env
